base  3, 20, 5, 0, 1, -3, 9, 2, 2, 7, 3, 4

5)a)

3,20,5,0,1,3,9,2,2,7,3,4,
-3,20,5,0,1,3,9,2,2,7,3,4,
----------------------

-3,20,5,20,1,3,9,2,2,7,3,4,
-3,0,5,20,1,3,9,2,2,7,3,4,
----------------------

-3,0,5,20,5,3,9,2,2,7,3,4,
-3,0,1,20,5,3,9,2,2,7,3,4,
----------------------

-3,0,1,20,5,3,9,20,2,7,3,4,
-3,0,1,2,5,3,9,20,2,7,3,4,
----------------------

-3,0,1,2,5,3,9,20,5,7,3,4,
-3,0,1,2,2,3,9,20,5,7,3,4,
----------------------

-3,0,1,2,2,3,9,20,5,7,3,4,
-3,0,1,2,2,3,9,20,5,7,3,4,
----------------------

-3,0,1,2,2,3,9,20,5,7,9,4,
-3,0,1,2,2,3,3,20,5,7,9,4,
----------------------

-3,0,1,2,2,3,3,20,5,7,9,20,
-3,0,1,2,2,3,3,4,5,7,9,20,
----------------------

-3,0,1,2,2,3,3,4,5,7,9,20,
-3,0,1,2,2,3,3,4,5,7,9,20,
----------------------

-3,0,1,2,2,3,3,4,5,7,9,20,
-3,0,1,2,2,3,3,4,5,7,9,20,
----------------------

-3,0,1,2,2,3,3,4,5,7,9,20,
-3,0,1,2,2,3,3,4,5,7,9,20,
----------------------



b)
3,20,5,0,1,-3,9,2,2,7,3,4,
-3,3,20,5,0,1,2,9,2,3,7,4,
-3,0,3,20,5,1,2,2,9,3,4,7,
-3,0,1,3,20,5,2,2,3,9,4,7,
-3,0,1,2,3,20,5,2,3,4,9,7,
-3,0,1,2,2,3,20,5,3,4,7,9,
-3,0,1,2,2,3,3,20,5,4,7,9,
-3,0,1,2,2,3,3,4,20,5,7,9,
-3,0,1,2,2,3,3,4,5,20,7,9,
-3,0,1,2,2,3,3,4,5,7,20,9,
-3,0,1,2,2,3,3,4,5,7,9,20,


c)
3,20,5,0,1,-3,9,2,2,7,3,4,
3,5,20,0,1,-3,9,2,2,7,3,4,
0,3,5,20,1,-3,9,2,2,7,3,4,
0,1,3,5,20,-3,9,2,2,7,3,4,
-3,0,1,3,5,20,9,2,2,7,3,4,
-3,0,1,3,5,9,20,2,2,7,3,4,
-3,0,1,2,3,5,9,20,2,7,3,4,
-3,0,1,2,2,3,5,9,20,7,3,4,
-3,0,1,2,2,3,5,7,9,20,3,4,
-3,0,1,2,2,3,3,5,7,9,20,4,
-3,0,1,2,2,3,3,4,5,7,9,20,


d)
3,20,5,0,1,-3,9,2,2,7,3,4,
1,20,5,0,2,-3,9,2,3,7,3,4,
1,-3,5,0,2,7,9,2,3,20,3,4,
1,-3,3,0,2,7,5,2,3,20,9,4,
1,-3,3,0,2,7,5,2,3,20,9,4,
-3,0,1,2,2,3,3,4,5,7,9,20,



6)
numero de comparações

Seleção

crescente: 324
decrescente: 324
aleatorio: 324


Bolha

crescente:171
decrescente:171
aleatorio:171

Inserção

crescente:18
decrescente:171
aleatorio:80

ShellSort

crescente:40
decrescente:40
aleatorio:40

----------------------------
numero de movimentaçoes

Seleção

crescente: 51
decrescente:51 
aleatorio :51


Bolha

crescente:0
decrescente:513
aleatorio: 256

Inserção

crescente:36
decrescente:189
aleatorio:95

ShellSort

crescente:30
decrescente:190
aleatorio:80